---
maxVel: 30.0
maxAccel: 30.0
maxAngVel: 3.141592653589793
maxAngAccel: 3.141592653589793
robotLength: 14.5
robotWidth: 15.0
driveType: "MECANUM"
trackWidth: 11.42
lateralMultiplier: 1.0
