---
startPose:
  x: -35.0
  y: 64.5
  heading: -1.5707963267948966
startTangent: 0.0
waypoints:
- position:
    x: -35.0
    y: 30.0
  heading: -1.5707963267948966
  tangent: 0.0
  interpolationType: "LINEAR"
resolution: 0.25
version: 1
